[gd_scene load_steps=9 format=2]

[ext_resource path="res://src/Boat.gd" type="Script" id=1]
[ext_resource path="res://src/utils/statemachine.gd" type="Script" id=2]
[ext_resource path="res://src/test_boat/states/Idle.gd" type="Script" id=3]
[ext_resource path="res://src/test_boat/states/Sailing.gd" type="Script" id=4]
[ext_resource path="res://src/test_boat/states/Climbing.gd" type="Script" id=5]
[ext_resource path="res://src/test_boat/states/Surfing.gd" type="Script" id=6]

[sub_resource type="BoxShape" id=7]
extents = Vector3( 2, 0.1, 1 )

[sub_resource type="CubeMesh" id=8]
size = Vector3( 4, 1, 2 )

[node name="TestBoat" type="RigidBody"]
linear_damp = 1.0
angular_damp = 2.0
script = ExtResource( 1 )
acceleration = 5.0
surf_boost = 3.0
climb_friction = 2.0

[node name="CollisionShape" type="CollisionShape" parent="."]
transform = Transform( 1, 0, 0, 0, 1, 0, 0, 0, 1, 0.808391, 0, 0 )
shape = SubResource( 7 )

[node name="MeshInstance" type="MeshInstance" parent="."]
transform = Transform( 1, 0, 0, 0, 1, 0, 0, 0, 1, 0.808, 0.400537, 0 )
mesh = SubResource( 8 )
skeleton = NodePath("../..")
material/0 = null

[node name="floaters" type="Spatial" parent="."]
transform = Transform( 1, 0, 0, 0, 1, 0, 0, 0, 1, 0.808391, 0, 0 )

[node name="f1" type="Spatial" parent="floaters"]
transform = Transform( 1, 0, 0, 0, 1, 0, 0, 0, 1, 1.9, -0.1, -0.9 )

[node name="f2" type="Spatial" parent="floaters"]
transform = Transform( 1, 0, 0, 0, 1, 0, 0, 0, 1, 1.9, -0.1, 0.9 )

[node name="m1" type="Spatial" parent="floaters"]
transform = Transform( 1, 0, 0, 0, 1, 0, 0, 0, 1, -0.777989, -0.1, -0.9 )

[node name="m2" type="Spatial" parent="floaters"]
transform = Transform( 1, 0, 0, 0, 1, 0, 0, 0, 1, -0.777989, -0.1, 0.9 )

[node name="b1" type="Spatial" parent="floaters"]
transform = Transform( 1, 0, 0, 0, 1, 0, 0, 0, 1, -1.9, -0.1, -0.9 )

[node name="b2" type="Spatial" parent="floaters"]
transform = Transform( 1, 0, 0, 0, 1, 0, 0, 0, 1, -1.9, -0.1, 0.9 )

[node name="camera_rotor" type="Spatial" parent="."]
transform = Transform( 1, 0, 0, 0, 1, 0, 0, 0, 1, 1.02008, 0, 0 )

[node name="camera_target" type="Spatial" parent="camera_rotor"]
transform = Transform( -4.37114e-08, 0.35145, -0.936207, 0, 0.936207, 0.35145, 1, 1.53624e-08, -4.09229e-08, -4.60253, 3.51384, 0 )

[node name="right_target" type="Spatial" parent="camera_rotor"]
transform = Transform( -4.37114e-08, 0.35145, -0.936207, 0, 0.936207, 0.35145, 1, 1.53624e-08, -4.09229e-08, -4.603, 3.514, 2 )

[node name="left_target" type="Spatial" parent="camera_rotor"]
transform = Transform( -4.37114e-08, 0.35145, -0.936207, 0, 0.936207, 0.35145, 1, 1.53624e-08, -4.09229e-08, -4.603, 3.514, -2 )

[node name="propeller" type="Spatial" parent="."]
transform = Transform( 1, 0, 0, 0, 1, 0, 0, 0, 1, -0.419213, -0.283934, 0 )

[node name="bow" type="Spatial" parent="."]
transform = Transform( 1, 0, 0, 0, 1, 0, 0, 0, 1, 3.12954, 0.769804, 0 )

[node name="stern" type="Spatial" parent="."]
transform = Transform( 1, 0, 0, 0, 1, 0, 0, 0, 1, -1.06966, 0.769804, 0 )

[node name="state_machine" type="Node" parent="."]
script = ExtResource( 2 )
state_scripts = [ ExtResource( 3 ), ExtResource( 4 ), ExtResource( 6 ), ExtResource( 5 ) ]
